  -9.9977125e-01  -1.0054226e+00
  -9.4522481e-01  -2.2853825e+00
  -8.1532281e-01  -3.1577289e+00
  -7.1922612e-01  -6.8746437e-01
  -7.0648822e-01  -2.1449623e-01
  -6.2747958e-01   2.8500342e+00
  -6.0379702e-01   3.6630072e+00
  -5.9109550e-01   4.0519291e+00
  -3.9533485e-01   3.5533680e+00
  -3.0887855e-01   3.2692329e-01
  -2.0646505e-01  -2.6030994e+00
  -1.6595599e-01  -2.9210787e+00
  -1.6539040e-01  -2.9213899e+00
  -1.6161097e-01  -2.9205165e+00
   7.7633468e-02   3.6903762e+00
   1.1737966e-01   4.6165332e+00
   3.4093502e-01   9.9482348e-01
   3.7043900e-01  -5.2989976e-02
   4.4064899e-01  -1.9963564e+00
   7.5623487e-01   4.0700304e+00